<<<<<<< HEAD
00101011
00000011
01111001
10010100
11101110
00000010
00101101
00111010
11011110
00011010
00011101
01101101
11010101
00001111
01010111
=======
10001100
01010000
11000100
10010010
00001101
00010101
11110100
11000110
01011100
10000101
11000100
00101101
10011010
10001000
00010101
10100100
10111010
11110101
01101001
01110001
11101011
10101001
00011110
10100100
10110111
01101001
11000011
11010111
11010101
11000111
10110110
11111011
10000010
10110001
01001110
01001100
10011000
10111101
11011000
01011101
10001110
00110010
01001010
00010111
00010100
00011110
10011010
01100101
11100001
10111001
10111111
00100010
11000101
00100000
10000001
00010000
00100001
01000101
11001001
10000001
11111111
00001011
11101001
10000010
11001110
11000101
11010000
00101100
10001111
10100111
10110011
00100001
11001111
01000010
11110000
01011000
01110101
10001010
10010100
10110011
00100010
10100111
10110010
>>>>>>> 4339582 (edit spli_str)
